26.289022
26.531775
36.861740
40.320705
45.975227
48.757721
52.666264
53.171188
53.048920
52.820614
49.785336
46.832996
46.457233
41.977623
39.271767
38.011288
37.208450
38.406261
37.768841
37.250942
38.876900
36.700718
36.687798
38.635357
37.640038
38.467838
39.705254
38.564789
39.599060
38.931911
42.105412
42.466423
42.260220
43.070278
40.770267
40.560307
40.927376
41.239071
40.521622
40.563057
41.408539
39.291313
40.337063
39.198605
40.302494
40.174110
38.961826
37.202591
39.965603
40.902058
38.256336
40.507492
38.148460
40.568600
39.898220
41.017242
40.157471
41.080589
38.516663
39.272514
37.302422
39.988560
37.545471
41.281292
41.542702
39.641693
42.170605
40.487789
39.293182
40.117252
40.883320
42.249882
40.405437
42.239182
38.477654
40.693077
37.434673
39.377506
38.483932
37.286819
38.704193
38.500694
40.834862
41.526451
42.358482
39.718700
40.865734
40.975471
41.616692
39.065636
40.646584
40.307537
40.519188
38.548920
39.865475
40.645454
40.999321
40.209660
40.763115
39.023060
7.377704
29.552383
28.901363
37.957752
39.743942
46.014690
46.606068
49.761127
50.347992
49.760792
47.892563
45.745907
45.377514
43.713360
40.304119
39.829941
38.860992
39.938725
36.933918
37.669956
38.750477
39.533440
37.318916
38.914127
38.760914
37.823700
39.828499
38.176231
41.617992
41.294552
42.757099
42.451912
40.734211
39.277977
38.852978
39.783024
38.481956
39.322067
40.359009
39.430119
39.119717
38.737759
39.773785
37.973022
40.485687
41.514492
39.632771
39.875977
40.830208
39.956860
41.072140
42.544704
42.365437
40.504288
41.106609
38.231468
38.711853
37.555584
37.150356
40.246044
41.073067
41.709103
39.268486
39.413418
39.988640
41.752197
39.794083
40.953251
38.323128
39.610882
37.793781
39.621304
37.820332
37.744930
38.391567
40.988609
40.822586
43.136318
42.323299
42.462040
40.028984
39.085918
41.670956
42.226822
41.868942
40.626549
40.573483
38.771854
39.768585
38.411621
37.597321
39.971863
38.841454
38.498283
39.384708
40.512196
39.298260
41.516918
39.509327
40.641888
131.871948
69.552376
68.266006
45.956764
34.653324
25.530115
19.406483
14.905271
15.625955
17.304426
19.773808
22.088095
26.457640
29.238255
34.190781
37.245911
41.972404
41.497616
45.382801
43.282181
44.008808
42.842014
44.649807
43.043056
42.970303
43.316132
41.544933
41.348335
39.952229
40.333035
40.895504
41.182625
38.272820
39.991238
36.895931
37.787792
39.869343
37.369701
40.014820
38.615829
38.757015
41.378040
38.741478
41.471901
38.692932
41.250484
39.989353
41.018444
41.317486
39.065228
40.088783
39.244820
41.468662
42.194412
42.342102
40.583496
42.318638
39.513645
40.290051
38.786819
40.751892
39.869881
40.596748
38.523064
39.217636
39.676826
40.407383
39.479568
38.827766
38.974606
38.001812
39.490185
38.366199
37.392445
39.548717
39.963882
39.380173
41.765289
40.050652
39.278545
39.824425
41.936184
42.571636
42.811634
39.785133
42.357155
41.069241
41.352184
40.754097
40.275425
40.312569
39.690575
40.106224
40.145824
40.781807
38.075954
39.068214
37.837685
36.963783
37.939941
81.251717
52.871590
53.938778
42.525612
37.520565
34.682903
29.452080
30.003014
29.114929
30.729431
31.703350
31.216621
34.674305
34.370644
35.257904
35.758678
40.093166
41.149727
41.642117
41.866570
41.755199
41.885487
42.753506
41.963135
41.343426
43.064011
42.179245
42.809532
39.571999
41.905117
39.627174
38.750389
40.004196
37.714439
37.522289
38.968498
38.091217
40.527908
39.037357
39.371140
39.738995
39.059387
39.380474
39.524799
39.450245
41.292786
40.622334
39.102707
40.463036
40.701244
39.952934
42.119701
40.238884
39.276279
39.108978
39.950939
39.006226
40.253532
40.989883
40.711349
38.839466
38.691505
40.606415
41.506912
40.878345
42.210724
41.723133
41.546352
41.814106
38.925953
37.623657
39.736088
40.303741
41.352688
38.218678
39.926659
40.732502
40.477242
38.603600
40.866699
39.429161
38.191795
38.377136
40.804047
41.481812
41.925591
39.185234
38.960438
40.810390
39.150627
37.969254
40.018467
37.446918
39.839493
39.801842
39.342037
39.468105
39.213238
39.321434
41.511406
-0.318072
27.988817
29.347059
38.766048
43.025494
46.660381
50.477272
52.914581
50.989391
49.320862
47.068874
46.640411
44.308483
42.668877
42.399288
39.094833
40.743183
37.953838
38.950752
39.983765
38.894547
37.887138
37.198284
38.382965
39.696293
40.113033
38.837460
39.091797
39.146217
40.951950
41.360535
42.796753
40.001522
42.033894
39.343296
38.856934
38.312157
39.371502
40.050571
40.157623
41.846008
40.698959
41.502487
40.740505
42.202919
39.937168
41.397213
41.934166
40.205029
41.563778
41.301376
39.504349
38.464214
37.159256
36.030941
38.841633
37.343460
39.069824
39.324883
40.154270
41.330898
39.223576
39.514000
40.185207
39.771152
42.061203
41.485348
41.630783
40.020802
39.203918
37.877853
37.822437
40.026962
39.707245
40.680737
41.839943
39.877258
39.483997
40.631836
41.106388
40.691296
40.378906
41.421528
40.902176
39.466652
39.968483
38.650604
37.531445
40.347313
39.568298
41.817299
39.146458
41.823219
38.559994
39.240898
38.960072
41.147305
39.330658
39.869606
40.156048
